edtriangle_1, 3.001623 0.000781 0.683856 6.856893 0.0002 0.044358 14.19457 0.00016 0.095942 19.025137 0.000168 0.012138 21.196232 0.002475 1.598364 28.309692 0.000707 0.34661 33.900616 0.000171 0.098497 63.333347 0.000078 0.030141 139.282974 0.000284 0.481651 839.855957 0.000211 0.390938 1335.228882 0.001974 0.487853 1490.911865 0.002261 3.136764 1708.565552 0.002874 0.244165 2136.942139 0.000469 0.478475 2401.217773 0.000398 0.09842 2604.909668 0.000465 0.526674 2613.32373 0.000317 0.132112 2729.19043 0.002824 0.202609 2739.267578 0.000987 0.67787 2944.639648 0.002076 0.113026 3252.410645 0.000705 0.09269 3419.793457 0.000087 0.326961 3683.539551 0.000056 0.646746 3727.442871 0.021061 0.152842 3994.14917 0.000639 0.412584 4045.709473 0.008522 0.114666 4398.486328 0.008864 0.570789 4546.494141 0.004452 0.217875 4740.825195 0.008884 0.274006 4834.799805 0.001794 0.299308 4898.911133 0.000248 0.220114 5099.832031 0.00143 0.673294 5470.522949 0.006019 0.492347 5574.485352 0.015065 0.412731 5690.36084 0.050804 0.412889 5837.975586 0.000063 1.3726 6017.04248 0.000095 0.41717 6150.559082 0.004064 0.462658 6715.92627 0.000126 3.905369 7247.087891 0.001122 0.298048 7427.126953 0.009794 1.939952 7731.761719 0.002116 0.502621 8102.912109 0.000365 0.873406 8263.722656 0.00252 1.559806 8926.265625 0.005302 0.992291 9313.289062 0.000076 3.001234 9772.365234 0.009687 0.523754 10417.199219 0.000874 4.096674 10973.042969 0.034727 1.275256 11349.298828 0.000358 14.171823 11867.040039 0.042281 1.377436 13216.217773 0.027147 2.098036 13848.869141 0.024465 17.94809 14747.592773 0.000818 2.032523 15955.839844 0.002526 1.938089 16725.416016 0.001171 1.038553 18715.884766 0.003261 2.250162;
edtriangle_2, 3.05071 0.000475 0.262839 7.84328 0.000162 0.196594 14.264394 0.000313 0.114122 19.150833 0.000739 0.044829 21.217144 0.000207 0.00668 28.437836 0.000803 0.001613 34.135506 0.000068 0.00365 63.557693 0.000096 0.206813 209.996185 0.000106 3.431659 861.19165 0.002135 6.502678 1342.429199 0.000544 0.168792 1490.97168 0.016156 2.296784 1709.81311 0.032248 0.054133 2137.040771 0.00035 0.36055 2402.506836 0.002445 0.066432 2606.123047 0.001238 0.684404 2613.625977 0.000287 0.11947 2729.276123 0.00347 0.161643 2740.83252 0.000346 0.479363 2945.692383 0.000278 0.045177 3253.273682 0.003319 0.098365 3520.782471 0.000105 0.522489 3709.87915 0.003407 0.272955 3727.864258 0.027346 21.602625 3995.045654 0.002642 0.167968 4046.201172 0.011832 2.193506 4399.670898 0.000518 0.176235 4547.523438 0.001163 0.222077 4741.941406 0.01558 0.280781 4880.425781 0.007072 0.315391 4900.606445 0.000671 0.215462 5103.298828 0.000896 0.297619 5471.576172 0.008523 0.241004 5576.907715 0.003779 0.797476 5690.775391 0.028683 9.643078 5876.855957 0.000756 0.287619 6038.173828 0.019355 1.296195 6151.846191 0.007447 0.459871 6739.736328 0.018285 8.587878 7251.665527 0.032366 0.631792 7439.467285 0.043833 5.255453 7733.14502 0.001219 0.431193 8125.540527 0.00933 0.780285 8267.943359 0.006647 0.455582 8929.492188 0.02782 0.960476 9431.120117 0.000392 2.134434 9777.356445 0.015732 1.507027 10424.178711 0.00089 9.829514 11041.389648 0.00752 3.475664 11397.810547 0.000122 6.3483 11869.382812 0.021338 1.347712 13221.90332 0.014654 1.23302 14204.955078 0.000688 10.002696 14826.068359 0.017361 8.519047 15956.706055 0.001004 2.369552 16727.34375 0.024342 1.216353 18851.375 0.001486 10.517585;
edtriangle_3, 3.095031 0.000501 0.839865 8.176682 0.000774 0.151634 14.504651 0.00081 0.402998 19.258942 0.001061 0.061428 21.228104 0.000379 0.04542 28.465099 0.000654 0.179731 35.011082 0.000179 0.032105 70.723259 0.000161 0.010618 212.267563 0.000068 0.711691 861.676392 0.002124 0.157187 1343.695557 0.005808 0.120195 1491.736572 0.000268 0.107647 1709.88501 0.027726 10.819621 2173.956299 0.00044 0.12998 2402.518311 0.002602 0.097854 2606.693604 0.000503 0.325152 2662.629883 0.000607 0.182836 2730.208496 0.012183 0.152857 2742.412598 0.000278 0.467621 2945.971191 0.001469 0.33116 3253.437012 0.002978 0.084728 3566.83374 0.00109 0.302154 3710.599854 0.01577 1.983374 3728.453369 0.006093 0.188251 3997.951416 0.001036 0.207453 4047.214844 0.000362 0.133513 4400.024902 0.00056 0.705636 4549.693848 0.007096 0.350293 4742.099121 0.020276 0.273931 4881.697266 0.013827 0.226904 4901.598633 0.000497 0.261987 5104.275879 0.00085 0.19885 5471.608887 0.004287 0.223261 5642.484863 0.015576 0.460105 5691.378418 0.00181 0.33183 5877.884766 0.002601 0.321175 6043.702148 0.009529 0.544174 6153.114746 0.002504 0.450894 6740.527344 0.011648 0.372263 7252.166504 0.02711 0.536079 7461.061523 0.00015 0.744842 7734.140625 0.001938 0.539728 8127.366211 0.000131 5.430317 8277.453125 0.008005 0.99293 8931.102539 0.019427 18.863361 9468.780273 0.101737 22.644522 9795.132812 0.000295 0.858718 10511.450195 0.000377 8.48354 11053.728516 0.002928 3.460901 11609.163086 0.033794 1.056716 11942.694336 0.001555 1.182794 13222.994141 0.038838 10.350442 14268.546875 0.01035 2.378183 14953.804688 0.000299 15.710651 15991.335938 0.007529 4.087241 16728.300781 0.042382 5.233136 19890.302734 0.006245 3.963252;
edtriangle_4, 3.188537 0.000173 0.01669 8.26675 0.000303 0.026137 14.6202 0.000241 0.009325 19.350967 0.000167 0.038141 21.300802 0.000765 0.051628 28.633812 0.000383 0.006828 35.458103 0.000143 0.054197 70.792679 0.000236 0.137944 235.646484 0.000238 0.162539 861.705933 0.002343 0.026001 1343.737549 0.005969 0.120547 1491.97937 0.001124 0.093008 1710.990479 0.002855 0.048262 2175.021973 0.002341 0.153384 2403.8396 0.000485 0.119853 2607.35791 0.000278 0.107696 2663.958008 0.007278 0.262428 2730.278076 0.006414 0.0766 2836.505127 0.000682 6.161085 2947.862549 0.000876 0.77972 3254.459229 0.000749 0.092525 3568.184814 0.005977 0.200465 3710.978516 0.009856 0.153543 3729.81665 0.001612 0.259613 4017.32959 0.000473 0.578325 4047.242188 0.00074 0.200285 4400.828613 0.000252 0.179597 4549.742676 0.002869 0.235828 4743.307617 0.008321 0.274371 4881.89502 0.012946 0.17373 4915.518555 0.002534 0.364902 5105.306641 0.022609 4.434696 5471.862793 0.029149 2.492459 5642.48877 0.013457 0.43199 5691.874512 0.176902 3.090341 5877.921387 0.003981 0.820724 6046.254395 0.080195 0.466251 6194.210938 0.000097 1.658393 6746.361816 0.000392 0.489647 7253.369141 0.016253 0.634877 7523.650879 0.000595 0.639519 7735.552734 0.001348 0.450076 8130.648438 0.001974 11.271137 8325.910156 0.028568 17.443123 8931.557617 0.013983 0.897786 9528.681641 0.000723 0.580586 9852.335938 0.001084 1.384666 10558.639648 0.000136 2.352743 11054.568359 0.002155 1.33655 11609.352539 0.020466 0.791103 11944.069336 0.038917 1.394072 13224.329102 0.078033 10.970447 14340.119141 0.000245 6.092627 15120.662109 0.000272 0.942911 15992.485352 0.00072 1.366621 16729.628906 0.001204 1.359334 20453.763672 0.008268 4.172342;
edtriangle_5, 3.330885 0.000383 0.02572 8.728678 0.000252 0.059667 16.232948 0.000233 0.111482 19.599854 0.000175 0.014091 21.829929 0.000899 0.395016 29.083889 0.000265 0.018475 36.199627 0.000164 0.096964 71.694 0.000078 0.036219 392.590302 0.000378 0.034183 891.534363 0.000127 0.918855 1344.899536 0.000566 0.177788 1575.796143 0.000973 0.155242 1711.009033 0.00302 0.047748 2175.075439 0.002632 1.094901 2403.855469 0.000664 0.149383 2607.393066 0.000264 0.098621 2664.00708 0.005163 0.054243 2730.306885 0.072589 0.160272 2930.494873 0.001029 0.101046 2948.79541 0.000189 0.474264 3275.682373 0.00073 0.112655 3568.188721 0.005063 0.200187 3711.255615 0.020305 8.268732 3730.252441 0.000653 0.100188 4022.560059 0.002396 0.173887 4235.720215 0.000087 0.794278 4455.562012 0.000082 3.202102 4551.072266 0.016567 0.203323 4744.492188 0.003015 0.299189 4882.984375 0.006824 0.299238 4915.956543 0.003121 0.418817 5105.378906 0.016012 0.292295 5472.196777 0.008602 0.521951 5643.425781 0.002623 0.464455 5692.255371 0.00608 0.467186 5882.67041 0.000374 0.568516 6046.739258 0.247116 6.860432 6214.508789 0.011648 17.506472 6937.492188 0.004246 1.307089 7304.816406 0.000398 0.647663 7524.788086 0.000831 3.083758 7757.314453 0.000233 0.559823 8152.310547 0.000538 0.712908 8536.192383 0.002149 24.681072 8931.612305 0.030511 0.823804 9597.897461 0.001616 8.437278 9869.575195 0.016217 1.215141 10570.944336 0.000117 2.774834 11054.844727 0.001743 1.287405 11612.722656 0.001728 0.739536 11944.479492 0.067661 2.580801 13282.897461 0.004051 2.230872 14452.239258 0.068537 19.764368 15123.78418 0.00289 1.186053 16081.478516 0.000227 1.417118 16768.158203 0.005409 1.597295 20479.398438 0.000953 8.422816;
edtriangle_6, 3.430093 0.000502 0.007403 9.726637 0.000809 0.096735 16.247993 0.000202 0.020249 19.835642 0.000708 0.158786 22.556307 0.000175 0.089928 29.089733 0.000299 0.009518 37.4491 0.000207 0.046033 71.768227 0.000334 2.479926 392.602325 0.000261 0.091465 899.024536 0.000694 0.775226 1437.383667 0.000127 0.345221 1575.886841 0.000889 0.033732 1712.243652 0.001107 0.068951 2176.090576 0.000243 0.095466 2417.401123 0.000614 0.111062 2609.479004 0.001902 0.323809 2665.371582 0.000279 0.10303 2730.327393 0.10157 0.26596 2930.576172 0.000825 0.451596 2979.344971 0.000978 0.159548 3276.702393 0.000759 0.100442 3569.503174 0.000615 0.238335 3711.939453 0.000108 0.372177 3731.067139 0.000278 0.147392 4022.611328 0.003487 0.220621 4312.104492 0.000134 2.829339 4470.678223 0.000205 0.472844 4551.217285 0.03577 5.120647 4744.538574 0.001439 0.218833 4887.930176 0.002358 1.334426 4917.288086 0.002841 0.2617 5106.368652 0.002827 0.265814 5473.14209 0.003841 0.346077 5643.489258 0.012618 0.430522 5692.47168 0.035555 0.367322 5971.845703 0.006749 0.329807 6047.477539 0.069542 0.44944 6215.226074 0.009252 1.055969 6943.527832 0.01957 0.573291 7310.890625 0.044425 21.057405 7526.144531 0.000323 0.527218 7939.640137 0.000202 0.592467 8152.355957 0.000718 2.147202 8574.897461 0.000448 0.366259 8932.043945 0.146923 23.619406 9601.067383 0.000258 3.094587 9950.943359 0.001131 2.830045 10611.681641 0.000349 6.143159 11065.852539 0.000601 2.179156 11625.710938 0.000391 0.892737 11944.71875 0.069228 10.353575 13286.242188 0.002902 15.652518 14460.754883 0.005133 3.451529 15127.509766 0.004101 0.965884 16171.479492 0.000875 2.566438 16774.429688 0.002162 1.259186 20925.925781 0.007009 2.029104;
edtriangle_7, 3.564349 0.000286 0.119844 9.949823 0.000296 0.017835 16.972628 0.000475 0.065718 19.872715 0.000346 0.063211 23.051996 0.000215 0.116689 29.47312 0.000279 0.095019 37.829773 0.000368 0.188859 72.974274 0.000084 0.030783 485.075836 0.000275 0.173656 904.370789 0.00134 0.280196 1437.828247 0.000129 0.694656 1582.486816 0.001077 2.415854 1712.272217 0.000939 0.050384 2221.017822 0.000345 0.178975 2417.411621 0.000891 0.143154 2609.496826 0.000971 0.060262 2665.390869 0.001096 0.269392 2731.399658 0.00323 0.140904 2933.961182 0.000333 0.560151 2980.461426 0.00384 0.068993 3277.726074 0.000607 0.108961 3570.18335 0.002159 0.794645 3712.211914 0.003078 0.274401 3741.233398 0.000336 0.677094 4023.782471 0.018308 0.202724 4336.322266 0.001437 0.149493 4471.11377 0.00043 1.420247 4552.385742 0.008603 0.326502 4745.764648 0.002363 0.30885 4891.535156 0.000641 0.268429 4917.362305 0.000548 0.260564 5107.369629 0.002538 0.377027 5498.139648 0.000176 3.192282 5643.567871 0.001478 0.402817 5692.868164 0.007972 0.496559 5971.915527 0.017859 8.098516 6048.731445 0.083167 0.444454 6215.609863 0.005818 0.477283 6943.588379 0.008998 0.423399 7311.001953 0.028071 0.895181 7544.674316 0.000094 1.684667 7940.381836 0.00025 6.130305 8157.244629 0.000727 0.678287 8576.646484 0.000391 2.126578 8933.680664 0.018718 0.846597 9607.521484 0.000236 2.888323 9952.491211 0.035287 9.459818 10615.261719 0.000086 1.909049 11080.679688 0.000506 2.296757 11638.280273 0.007853 1.51019 11948.686523 0.02275 4.20978 13350.163086 0.020264 1.317061 14520.254883 0.005079 1.420168 15129.802734 0.01352 4.475451 16211.966797 0.002342 1.656357 16774.662109 0.0029 1.785628 20927.949219 0.001253 1.901299;
edtriangle_8, 3.66791 0.000441 0.551313 10.412344 0.000359 0.21087 17.028776 0.000381 0.263547 20.085852 0.000243 0.00243 23.345953 0.000219 0.05886 29.777943 0.00022 0.025633 38.855659 0.000083 0.097417 74.20359 0.000094 0.076748 485.212982 0.000119 0.296574 905.577637 0.007187 0.262879 1471.436768 0.000072 0.091389 1582.491699 0.00067 0.012266 1716.095337 0.000121 0.105261 2223.010742 0.000533 0.283244 2418.432373 0.00777 3.497395 2610.501953 0.007506 0.069124 2694.772949 0.002987 11.321489 2731.4375 0.001057 0.140808 2937.349121 0.00011 0.109071 2980.629395 0.004501 0.089458 3347.789795 0.000294 0.056223 3572.240967 0.000248 8.16241 3718.843018 0.000266 0.279748 3741.925781 0.00233 2.698667 4023.832764 0.019204 0.153962 4336.467773 0.001809 0.21932 4503.10498 0.001558 0.330724 4553.829102 0.000202 0.179147 4746.938477 0.000876 0.360077 4892.618164 0.001042 0.291117 4918.484375 0.00256 0.2012 5144.542969 0.000528 5.566751 5535.353027 0.006287 0.423258 5644.689453 0.01418 0.426456 5693.559082 0.003328 0.365414 5972.330566 0.011399 0.341798 6049.929199 0.011804 0.398893 6218.796387 0.000466 0.58391 6943.96582 0.016696 4.0046 7311.431641 0.047677 10.62241 7551.006348 0.010562 0.49289 7965.14502 0.000287 0.479979 8182.234863 0.009015 0.525833 8613.966797 0.00847 27.140339 8936.097656 0.004471 0.816424 9618.584961 0.000175 0.795493 9952.520508 0.004299 0.852964 10621.870117 0.000106 2.472865 11120.077148 0.036552 9.506508 11645.667969 0.000666 1.042261 12096.860352 0.001603 1.652374 13350.174805 0.033558 1.459839 14523.896484 0.010103 1.125499 15156.639648 0.009773 2.19925 16227.342773 0.000318 11.765361 17021.875 0.00033 8.05363 20929.546875 0.010115 2.936628;
edtriangle_9, 3.82519 0.000281 0.046019 10.717545 0.000303 0.005751 17.200655 0.000163 0.033469 20.114744 0.000511 0.08454 23.959215 0.000322 0.0557 31.307657 0.000296 0.276689 40.054722 0.000119 0.053731 74.204796 0.000073 0.367297 690.360413 0.001309 2.545407 905.589417 0.011804 1.011974 1472.64502 0.000309 0.117205 1583.509277 0.000312 0.099705 1716.447266 0.00096 0.794914 2224.037354 0.001159 0.165419 2418.635498 0.003645 0.037407 2610.591064 0.012764 0.395516 2709.022949 0.000568 2.962461 2731.986328 0.000583 0.086451 2938.540039 0.000861 0.227573 2980.994873 0.005189 6.459174 3347.856689 0.000338 0.177313 3576.953857 0.001254 0.157573 3719.717773 0.000328 0.271378 3742.080566 0.002687 0.243388 4025.033936 0.002586 0.156853 4390.661133 0.004394 1.618169 4504.166016 0.002718 0.188421 4557.437988 0.001655 0.157441 4764.34375 0.001168 0.336907 4894.47998 0.001321 0.228479 4919.609375 0.02417 0.283113 5293.837891 0.000224 5.242979 5536.677246 0.02117 0.361861 5666.684082 0.000307 4.848579 5693.607422 0.023015 0.37126 5972.914062 0.013673 0.378656 6051.142578 0.007986 0.378552 6231.929199 0.000333 0.607738 6953.066895 0.000106 0.532667 7332.138184 0.00021 0.481222 7553.347168 0.013728 0.578711 8054.912109 0.016999 3.691929 8183.028809 0.001157 0.380105 8670.487305 0.007529 2.04361 8966.599609 0.013509 0.51025 9619.25 0.000165 0.518579 9954.228516 0.024023 1.146985 10634.125977 0.000103 2.37455 11139.322266 0.026413 4.308785 11647.448242 0.001058 1.393046 12138.149414 0.000323 3.781142 13352.349609 0.016717 1.246622 14531.00293 0.030773 0.99351 15248.646484 0.016099 4.209509 16297.982422 0.000379 1.125917 17164.253906 0.000842 1.319735 21291.033203 0.000318 1.941181;
edtriangle_10, 3.906009 0.000355 0.039803 10.944234 0.000698 0.022296 17.405556 0.000343 0.05083 20.333031 0.0002 0.023714 24.521767 0.000163 0.042494 31.497234 0.000321 0.071383 42.014694 0.000155 0.011573 74.90284 0.000107 0.153855 690.378845 0.001169 0.016299 906.85022 0.001035 0.265981 1472.665894 0.000178 0.021058 1649.257935 0.000081 0.385942 1716.637939 0.000418 0.237596 2225.047363 0.003887 3.496179 2418.815674 0.009791 0.599523 2610.610596 0.006183 0.411834 2721.32373 0.000217 0.352922 2732.558594 0.001596 0.188939 2938.577393 0.000113 0.042114 2981.914307 0.000679 0.123289 3348.395996 0.000294 2.651337 3576.983887 0.002197 0.332669 3721.541504 0.000468 0.100114 3989.89917 0.000846 0.205341 4025.112793 0.000993 0.152722 4391.130371 0.001505 0.792483 4505.185059 0.007959 0.170044 4558.464355 0.000616 0.175632 4765.508301 0.001414 0.381405 4896.543945 0.023421 0.249313 4919.655762 0.01466 0.268857 5433.660645 0.000092 0.307468 5536.787109 0.022795 0.319377 5667.132812 0.000168 3.511311 5695.373047 0.009273 0.684748 5973.62793 0.004389 0.359034 6068.361328 0.00073 0.928029 6232.21875 0.000198 0.259395 7023.563477 0.011405 0.574684 7364.401855 0.012013 2.1222 7591.692383 0.003679 1.028544 8067.441406 0.001682 5.422993 8184.141602 0.005515 0.485108 8671.175781 0.008905 0.821479 8969.327148 0.013274 0.889984 9698.464844 0.003423 1.89036 9964.342773 0.000321 1.499936 10677.816406 0.004646 1.883581 11139.416992 0.025936 1.345923 11663.646484 0.015353 2.099934 12197.27832 0.00057 2.37517 13363.681641 0.000649 0.714677 14536.806641 0.005692 0.881389 15372.419922 0.000201 3.369786 16413.181641 0.000614 2.288684 17712.027344 0.00075 2.536398 21686.939453 0.004986 2.749258;
edtriangle_11, 3.940925 0.000253 0.047349 11.28634 0.000344 0.03939 17.987787 0.000174 0.000779 20.362152 0.000403 0.035844 25.455231 0.000183 0.013713 32.061993 0.000151 0.020823 42.170265 0.000157 0.028637 76.904373 0.000091 0.404231 690.729126 0.001304 5.085504 912.393066 0.000551 0.702733 1487.648926 0.000211 0.142749 1651.645996 0.000138 3.786972 1812.338745 0.000107 1.724268 2225.170166 0.001903 0.046877 2419.850586 0.000768 0.118822 2610.703613 0.007141 0.087159 2726.188477 0.001924 0.243728 2732.656982 0.006007 0.334916 2939.643066 0.002494 0.147512 3038.265625 0.000283 0.322725 3382.463623 0.000263 0.13247 3641.118164 0.000545 0.354025 3722.4646 0.003146 0.264309 3992.776611 0.000587 4.790797 4029.518555 0.000968 0.681695 4395.839355 0.000191 0.173002 4505.19043 0.006671 0.166202 4559.375488 0.00047 0.556845 4766.810059 0.003303 0.261967 4896.554688 0.024656 0.368333 4919.683105 0.008992 0.256462 5445.928223 0.000176 0.949918 5538.216309 0.007378 0.436137 5676.430664 0.000132 1.408019 5696.337402 0.00452 0.50979 5973.888184 0.015177 0.398295 6073.160645 0.00028 0.758407 6254.398438 0.002975 0.308795 7026.164062 0.010069 0.535 7364.739258 0.004067 7.357526 7600.392578 0.009029 0.869549 8068.237305 0.001079 0.481081 8185.228516 0.069443 2.780292 8689.634766 0.001654 0.679859 8971.425781 0.0035 0.963007 9705.022461 0.003815 0.999324 10186.617188 0.000353 7.228444 10684.193359 0.025086 1.155253 11155.427734 0.000602 7.784267 11664.174805 0.033293 5.073073 12646.113281 0.000925 16.991991 13576.701172 0.001293 3.376993 14538.783203 0.001328 0.672244 15732.411133 0.007393 3.6934 16427.041016 0.003046 1.972582 17846.75 0.000182 1.099831 21687.445312 0.002644 13.57297;
edtriangle_12, 4.038012 0.000318 0.025473 12.952643 0.000232 0.101697 18.115658 0.000434 0.073918 20.548531 0.000904 0.048451 26.763193 0.000522 0.058322 32.311741 0.000178 0.009749 42.291412 0.000133 0.176157 77.809784 0.000106 0.072339 743.717712 0.00115 0.121514 1197.336914 0.000077 6.539933 1489.706421 0.001438 0.095039 1702.939941 0.000414 0.227441 1919.437744 0.002157 0.125145 2226.15918 0.001038 0.117788 2419.895752 0.000561 0.100268 2610.822021 0.003823 0.335732 2726.231934 0.000973 0.17336 2733.348389 0.000772 0.153185 2940.898438 0.002689 0.10559 3038.301514 0.000184 0.127831 3382.50708 0.000303 0.141153 3644.882568 0.001005 0.207912 3722.519287 0.000879 0.126514 3992.871826 0.002569 0.174455 4032.058838 0.000307 0.518378 4396.550781 0.027917 0.785949 4506.211914 0.003545 0.188739 4651.952637 0.000087 0.132873 4768.040527 0.001794 0.361368 4896.591309 0.014964 0.238381 4919.86377 0.012029 4.397946 5460.584961 0.000315 0.538141 5542.007812 0.00024 4.522336 5680.847656 0.000353 4.114295 5760.111328 0.001215 0.335016 5977.212402 0.001184 0.800688 6082.070312 0.011231 1.870835 6540.910156 0.000054 2.538066 7026.610352 0.012247 0.585118 7364.943359 0.003459 0.794947 7603.992676 0.054052 11.705029 8073.067871 0.013234 1.245861 8186.763672 0.012006 0.906996 8750.529297 0.03719 1.401137 9159.738281 0.00527 0.888132 9707.862305 0.003491 0.650433 10295.894531 0.002473 1.435111 10706.183594 0.014643 1.274564 11261.237305 0.001519 1.705068 11667.966797 0.010239 1.172437 12990.157227 0.002075 25.296595 13578.974609 0.007127 2.124086 14568.462891 0.001675 2.487082 15806.329102 0.001677 9.92162 16432.251953 0.00188 1.670025 18144.738281 0.000149 5.943807 21690.410156 0.003672 13.833499;
edtriangle_13, 4.058416 0.000381 0.117035 13.295115 0.000197 0.008316 18.237106 0.000411 0.014743 20.73811 0.000846 0.151669 26.803427 0.000471 0.329232 32.391018 0.000155 0.189108 43.115749 0.000095 0.102876 84.063515 0.000122 0.124616 743.77417 0.000735 0.09385 1243.268433 0.000215 3.154922 1490.560059 0.002829 6.571052 1703.169678 0.000105 0.0782 1919.590332 0.001628 0.055724 2226.363037 0.001442 0.204542 2547.089111 0.000222 0.684956 2611.30957 0.013177 0.818312 2727.006836 0.00207 0.384768 2733.470703 0.004558 0.30111 2940.914551 0.001974 0.069703 3200.014893 0.001387 0.162684 3383.685791 0.000563 0.172408 3645.924316 0.001951 0.124188 3723.774414 0.004072 0.251564 3993.593994 0.004173 0.442909 4044.21582 0.000639 0.158684 4396.745605 0.017827 0.25226 4507.287109 0.001541 0.292378 4728.806641 0.000558 1.213476 4769.227051 0.000508 0.274163 4896.611328 0.010876 0.254345 4920.085938 0.029501 0.605022 5460.603027 0.000227 0.338882 5545.281738 0.006069 2.0348 5688.041016 0.002743 0.441936 5762.155273 0.011262 0.277133 5978.578125 0.005735 0.957299 6082.95459 0.001195 0.140977 6603.39502 0.000118 3.579786 7107.064941 0.000681 2.493417 7365.069824 0.011161 1.048901 7604.261719 0.012414 0.615699 8076.797363 0.071118 22.305553 8198.180664 0.001109 1.440273 8752.507812 0.136992 25.876883 9162.443359 0.003995 0.807974 9716.55957 0.001683 1.451632 10300.561523 0.000402 0.650597 10773.277344 0.006005 1.230586 11286.000977 0.001926 20.72644 11669.926758 0.006074 1.064956 13029.456055 0.000288 7.525193 13583.493164 0.009636 1.246097 14583.271484 0.001602 1.530599 15882.758789 0.000523 1.025293 16443.091797 0.046007 5.745646 18284.626953 0.00262 2.776374 21863.076172 0.000663 3.040938;
edtriangle_14, 4.357238 0.000366 0.091906 13.315922 0.000814 0.291133 18.30422 0.000648 0.307543 20.748938 0.000905 0.63239 27.47014 0.000427 0.273105 32.547844 0.00015 0.09316 48.576332 0.000055 0.080218 119.816643 0.000144 0.240453 758.26532 0.000295 0.057789 1243.490234 0.000203 0.105731 1490.62854 0.015651 1.143123 1706.147583 0.000191 0.051645 1919.829346 0.002157 1.438254 2229.13623 0.000366 0.194739 2549.094482 0.000223 4.075522 2611.453857 0.013033 8.596859 2727.099854 0.000886 0.166777 2733.539307 0.001589 0.208825 2942.1875 0.012206 0.082433 3200.038574 0.001095 0.129078 3383.730225 0.000434 0.120272 3646.925537 0.015576 0.123262 3724.936279 0.022053 0.163462 3993.930908 0.002921 0.123043 4044.220703 0.000982 0.231915 4397.091797 0.000331 0.113006 4508.292969 0.001219 0.273856 4738.081055 0.001484 0.341211 4832.230957 0.002107 0.322213 4896.657715 0.015968 0.272934 4920.736816 0.008966 0.309003 5461.359375 0.000613 1.114534 5571.788574 0.012221 0.387132 5689.272461 0.002588 0.336554 5762.267578 0.018899 0.767342 6006.759766 0.000161 0.997367 6083.140625 0.00832 0.267764 6661.987305 0.021056 0.536328 7172.457031 0.000443 2.208571 7408.305664 0.010216 0.457771 7604.715332 0.018593 1.286209 8076.976562 0.03216 0.705043 8200.474609 0.029353 2.303905 8792.71875 0.000061 1.348184 9185.094727 0.00018 3.771021 9731.766602 0.0014 2.971477 10315.37793 0.013069 1.05689 10773.665039 0.009204 1.919372 11307.717773 0.001317 1.370074 11689.598633 0.001359 3.58753 13088.28125 0.000255 1.834868 13701.948242 0.00538 4.322501 14594.667969 0.022602 2.312206 15898.366211 0.000585 1.170884 16446.300781 0.012945 1.881825 18503.345703 0.000514 2.636717 21899.865234 0.001356 5.595609;
edtriangle_15, 4.853551 0.000232 0.074797 13.819628 0.000178 0.049208 18.328634 0.000378 0.023456 20.887848 0.000564 0.008646 27.927042 0.000325 0.030543 33.407261 0.000308 0.043335 49.737385 0.00007 0.089984 120.188339 0.000106 0.107301 758.58136 0.000527 0.52969 1243.620728 0.000241 0.114112 1490.816528 0.001689 0.056208 1706.320435 0.000489 0.198839 1954.973877 0.000198 0.089314 2326.101318 0.001863 0.310324 2581.020508 0.000235 0.13055 2611.509277 0.000401 0.031268 2728.065674 0.000442 0.159351 2734.334229 0.002631 0.278184 2943.393555 0.00573 0.145829 3201.330811 0.001595 0.107693 3384.986328 0.000228 0.13907 3647.935547 0.001086 0.106794 3726.209961 0.036377 0.143834 3993.942139 0.003918 0.148219 4044.737061 0.001037 0.267249 4397.15918 0.000306 0.11261 4544.564941 0.000243 0.393041 4738.387695 0.000435 0.165929 4833.519531 0.002728 0.175199 4896.767578 0.02345 2.420327 4921.991211 0.000564 0.254088 5468.478516 0.008827 0.837029 5573.178223 0.01109 0.294738 5690.049805 0.014697 4.378133 5763.232422 0.000896 0.284563 6012.299316 0.000074 0.406812 6089.63916 0.007269 1.647108 6662.010742 0.007753 0.430541 7183.089844 0.00017 1.573108 7408.575195 0.008646 0.480657 7607.782715 0.007693 0.655907 8085.43457 0.002899 1.275531 8200.823242 0.031119 1.097971 8898.861328 0.016004 0.769231 9194.033203 0.013735 0.968786 9747.459961 0.001732 2.767388 10325.930664 0.001471 1.384427 10882.641602 0.001176 3.056754 11307.819336 0.001674 3.090359 11719.938477 0.000276 2.643819 13143.235352 0.000449 1.452219 13818.768555 0.000472 4.804861 14665.783203 0.013848 1.498295 15923.383789 0.009207 0.959602 16633.75 0.000376 1.489159 18642.884766 0.002081 1.743846 22032.294922 0.000328 1.940084;
edtriangle_16, 6.608195 0.000222 0.042936 14.163631 0.000482 0.170142 18.368757 0.000347 0.089799 20.918432 0.000405 0.009408 28.255022 0.002458 0.950758 33.615158 0.000553 0.365739 63.196575 0.000088 0.03421 128.554642 0.000098 0.375343 839.18811 0.000214 0.370679 1243.624756 0.000201 0.38264 1490.8479 0.008139 0.09126 1707.351807 0.000857 0.073166 1955.037964 0.00052 0.44695 2326.138672 0.001989 3.204593 2581.029785 0.000215 0.104833 2611.593994 0.000451 0.037204 2729.108643 0.008809 0.336411 2734.405273 0.001798 0.298101 2943.415527 0.004117 0.112639 3202.812988 0.000611 0.11791 3419.588379 0.000098 0.20857 3680.053955 0.000077 0.830207 3727.421875 0.024887 0.160129 3993.951172 0.000306 0.159244 4045.562012 0.010304 1.073826 4398.327148 0.000217 0.125531 4546.375 0.006992 0.254229 4739.557617 0.001045 0.220112 4833.591309 0.003225 0.160955 4897.739258 0.002273 0.258985 4922.586426 0.000558 0.154669 5469.273438 0.003349 0.485756 5573.258789 0.044074 0.368897 5690.286621 0.007692 0.371333 5806.90625 0.00008 1.535507 6013.857422 0.000091 0.480719 6149.401367 0.001907 0.435673 6687.318359 0.000333 0.66569 7183.47168 0.000189 0.689326 7426.057617 0.012937 0.595499 7720.097168 0.002588 1.64637 8091.588867 0.000865 0.516435 8200.868164 0.015349 0.828841 8899.313477 0.027643 4.56799 9196.920898 0.030152 1.099143 9772.097656 0.015435 0.596626 10390.294922 0.003724 0.792555 10897.145508 0.000761 1.283658 11335.355469 0.000122 5.702137 11745.455078 0.000091 2.021049 13202.473633 0.000264 1.259838 13827.636719 0.003785 16.356886 14707.189453 0.00249 7.29979 15923.517578 0.005786 0.763979 16694.308594 0.006128 3.133337 18646.625 0.002685 6.806809;
